{
    "_versionMajor": 0,
    "_versionMinor": 4,
    "boundsCenter": {
        "x": 0.03777909278869629,
        "y": -0.8036422729492188,
        "z": 0.1844097375869751
    },
    "boundsSize": {
        "x": 1.9229474067687988,
        "y": 2.4094948768615723,
        "z": 2.0132977962493896
    },
    "format": "perpixel",
    "numAngles": 4,
    "numColumns": 4,
    "numRows": 1,
    "perspectives": [
        {
            "clipEpsilon": 0.0035833781585097313,
            "crop": {
                "w": 0.4325396418571472,
                "x": 0.1450892835855484,
                "y": 0.261904776096344,
                "z": 0.5625
            },
            "depthFocalLength": {
                "x": 606.0328369140625,
                "y": 606.0232543945313
            },
            "depthImageSize": {
                "x": 1280.0,
                "y": 720.0
            },
            "depthPrincipalPoint": {
                "x": 641.1365966796875,
                "y": 368.50775146484375
            },
            "extrinsics": {
                "e00": -0.05588722974061966,
                "e01": 0.7215067744255066,
                "e02": -0.6901482343673706,
                "e03": -1.2121111154556274,
                "e10": -0.9980936646461487,
                "e11": -0.05850048363208771,
                "e12": 0.01966562308371067,
                "e13": -1.1064029932022095,
                "e20": -0.02618512511253357,
                "e21": 0.6899316310882568,
                "e22": 0.7234007716178894,
                "e23": 1.3946269750595093,
                "e30": 0.0,
                "e31": 0.0,
                "e32": 0.0,
                "e33": 1.0
            },
            "farClip": 1.9908409118652344,
            "nearClip": 0.5955094695091248
        },
        {
            "clipEpsilon": 0.0027952250093221664,
            "crop": {
                "w": 0.3412698209285736,
                "x": 0.1607142835855484,
                "y": 0.30158731341362,
                "z": 0.4709821343421936
            },
            "depthFocalLength": {
                "x": 608.5245361328125,
                "y": 608.33642578125
            },
            "depthImageSize": {
                "x": 1280.0,
                "y": 720.0
            },
            "depthPrincipalPoint": {
                "x": 634.4232788085938,
                "y": 369.4405212402344
            },
            "extrinsics": {
                "e00": 0.26333606243133545,
                "e01": -0.6890655159950256,
                "e02": -0.6751613020896912,
                "e03": -1.199455976486206,
                "e10": -0.9441695213317871,
                "e11": -0.04045894742012024,
                "e12": -0.3269663155078888,
                "e13": -1.9709677696228027,
                "e20": 0.19798490405082703,
                "e21": 0.7235687375068665,
                "e22": -0.6612489819526672,
                "e23": -1.0574750900268555,
                "e30": 0.0,
                "e31": 0.0,
                "e32": 0.0,
                "e33": 1.0
            },
            "farClip": 2.324985980987549,
            "nearClip": 0.5362213253974915
        },
        {
            "clipEpsilon": 0.0023039905354380608,
            "crop": {
                "w": 0.3888889253139496,
                "x": 0.2254464328289032,
                "y": 0.3531745970249176,
                "z": 0.4933035671710968
            },
            "depthFocalLength": {
                "x": 608.39794921875,
                "y": 608.2908325195313
            },
            "depthImageSize": {
                "x": 1280.0,
                "y": 720.0
            },
            "depthPrincipalPoint": {
                "x": 640.1600341796875,
                "y": 367.05804443359375
            },
            "extrinsics": {
                "e00": -0.2617303431034088,
                "e01": 0.7738717198371887,
                "e02": 0.5767319798469543,
                "e03": 1.0849624872207642,
                "e10": -0.9289228320121765,
                "e11": -0.03982238844037056,
                "e12": -0.36812570691108704,
                "e13": -1.7809770107269287,
                "e20": -0.2619152367115021,
                "e21": -0.6320891976356506,
                "e22": 0.7292898297309875,
                "e23": 1.3377796411514282,
                "e30": 0.0,
                "e31": 0.0,
                "e32": 0.0,
                "e33": 1.0
            },
            "farClip": 2.416050910949707,
            "nearClip": 0.24590325355529785
        },
        {
            "clipEpsilon": 0.0038253304082900286,
            "crop": {
                "w": 0.4444444477558136,
                "x": 0.14687499403953552,
                "y": 0.2666666805744171,
                "z": 0.5625
            },
            "depthFocalLength": {
                "x": 607.0997314453125,
                "y": 607.140380859375
            },
            "depthImageSize": {
                "x": 1280.0,
                "y": 720.0
            },
            "depthPrincipalPoint": {
                "x": 640.005615234375,
                "y": 367.29217529296875
            },
            "extrinsics": {
                "e00": -0.12595902383327484,
                "e01": -0.6697546243667603,
                "e02": 0.7318217158317566,
                "e03": 1.1603835821151733,
                "e10": -0.9778752326965332,
                "e11": -0.040371399372816086,
                "e12": -0.20525647699832916,
                "e13": -1.535414457321167,
                "e20": 0.1670161485671997,
                "e21": -0.7414842247962952,
                "e22": -0.6498513221740723,
                "e23": -1.0153189897537231,
                "e30": 0.0,
                "e31": 0.0,
                "e32": 0.0,
                "e33": 1.0
            },
            "farClip": 2.016214370727539,
            "nearClip": 0.7091377973556519
        }
    ],
    "textureHeight": 640,
    "textureWidth": 2948
}
