{
    "_versionMajor": 0,
    "_versionMinor": 4,
    "boundsCenter": {
        "x": 0.03288048505783081,
        "y": -0.5906655788421631,
        "z": -0.1270235776901245
    },
    "boundsSize": {
        "x": 1.8452647924423218,
        "y": 3.007500171661377,
        "z": 1.9398229122161865
    },
    "format": "perpixel",
    "numAngles": 4,
    "numColumns": 4,
    "numRows": 1,
    "perspectives": [
        {
            "clipEpsilon": 0.014680808410048485,
            "crop": {
                "w": 0.4904722273349762,
                "x": 0.1374792903661728,
                "y": 0.24440762400627136,
                "z": 0.6015430688858032
            },
            "depthFocalLength": {
                "x": 606.0328369140625,
                "y": 606.0232543945313
            },
            "depthImageSize": {
                "x": 1280.0,
                "y": 720.0
            },
            "depthPrincipalPoint": {
                "x": 641.1365966796875,
                "y": 368.50775146484375
            },
            "extrinsics": {
                "e00": -0.05588722974061966,
                "e01": 0.7215067744255066,
                "e02": -0.6901482343673706,
                "e03": -1.2121111154556274,
                "e10": -0.9980936646461487,
                "e11": -0.05850048363208771,
                "e12": 0.01966562308371067,
                "e13": -1.1064029932022095,
                "e20": -0.02618512511253357,
                "e21": 0.6899316310882568,
                "e22": 0.7234007716178894,
                "e23": 1.3946269750595093,
                "e30": 0.0,
                "e31": 0.0,
                "e32": 0.0,
                "e33": 1.0
            },
            "farClip": 1.8893307447433472,
            "nearClip": 1.5487500429153442
        },
        {
            "clipEpsilon": 0.002865514252334833,
            "crop": {
                "w": 0.4200497567653656,
                "x": 0.12782053649425507,
                "y": 0.26512011885643005,
                "z": 0.5594304203987122
            },
            "depthFocalLength": {
                "x": 608.5245361328125,
                "y": 608.33642578125
            },
            "depthImageSize": {
                "x": 1280.0,
                "y": 720.0
            },
            "depthPrincipalPoint": {
                "x": 634.4232788085938,
                "y": 369.4405212402344
            },
            "extrinsics": {
                "e00": 0.26333606243133545,
                "e01": -0.6890655159950256,
                "e02": -0.6751613020896912,
                "e03": -1.199455976486206,
                "e10": -0.9441695213317871,
                "e11": -0.04045894742012024,
                "e12": -0.3269663155078888,
                "e13": -1.9709677696228027,
                "e20": 0.19798490405082703,
                "e21": 0.7235687375068665,
                "e22": -0.6612489819526672,
                "e23": -1.0574750900268555,
                "e30": 0.0,
                "e31": 0.0,
                "e32": 0.0,
                "e33": 1.0
            },
            "farClip": 2.385420322418213,
            "nearClip": 0.6405328512191772
        },
        {
            "clipEpsilon": 0.002552756341174245,
            "crop": {
                "w": 0.3661971986293793,
                "x": 0.19806337356567383,
                "y": 0.3479701578617096,
                "z": 0.5199875831604004
            },
            "depthFocalLength": {
                "x": 608.39794921875,
                "y": 608.2908325195313
            },
            "depthImageSize": {
                "x": 1280.0,
                "y": 720.0
            },
            "depthPrincipalPoint": {
                "x": 640.1600341796875,
                "y": 367.05804443359375
            },
            "extrinsics": {
                "e00": -0.2617303431034088,
                "e01": 0.7738717198371887,
                "e02": 0.5767319798469543,
                "e03": 1.0849624872207642,
                "e10": -0.9289228320121765,
                "e11": -0.03982238844037056,
                "e12": -0.36812570691108704,
                "e13": -1.7809770107269287,
                "e20": -0.2619152367115021,
                "e21": -0.6320891976356506,
                "e22": 0.7292898297309875,
                "e23": 1.3377796411514282,
                "e30": 0.0,
                "e31": 0.0,
                "e32": 0.0,
                "e33": 1.0
            },
            "farClip": 2.813768148422241,
            "nearClip": 0.8551010489463806
        },
        {
            "clipEpsilon": 0.003265911713242531,
            "crop": {
                "w": 0.529383659362793,
                "x": 0.14143426716327667,
                "y": 0.24440762400627136,
                "z": 0.5789468288421631
            },
            "depthFocalLength": {
                "x": 607.0997314453125,
                "y": 607.140380859375
            },
            "depthImageSize": {
                "x": 1280.0,
                "y": 720.0
            },
            "depthPrincipalPoint": {
                "x": 640.005615234375,
                "y": 367.29217529296875
            },
            "extrinsics": {
                "e00": -0.12595902383327484,
                "e01": -0.6697546243667603,
                "e02": 0.7318217158317566,
                "e03": 1.1603835821151733,
                "e10": -0.9778752326965332,
                "e11": -0.040371399372816086,
                "e12": -0.20525647699832916,
                "e13": -1.535414457321167,
                "e20": 0.1670161485671997,
                "e21": -0.7414842247962952,
                "e22": -0.6498513221740723,
                "e23": -1.0153189897537231,
                "e30": 0.0,
                "e31": 0.0,
                "e32": 0.0,
                "e33": 1.0
            },
            "farClip": 1.9387319087982178,
            "nearClip": 0.40776583552360535
        }
    ],
    "textureHeight": 764,
    "textureWidth": 3384
}
